TABLE NO.     1: First Order Conditional Estimation with Interaction: Problem=1 Subproblem=0 Superproblem1=0 Iteration1=0 Superproblem2=0 Iteration2=0
 NAME         THETA1       THETA2       THETA3       THETA4       THETA5       THETA6       THETA7       THETA8       SIGMA(1,1)   OMEGA(1,1)   OMEGA(2,1)   OMEGA(2,2)
 THETA1        1.47573E+02 -1.51489E+00  3.07508E+01 -9.77318E-01 -1.62879E+01  7.23890E+00  2.26049E+02 -2.18506E+01 -3.24065E+02 -2.42511E+01 -1.68060E+02  4.26533E+01
 THETA2       -1.51489E+00  8.18455E-01 -9.25077E-02  2.04114E+00  6.60374E-01 -6.49162E-01 -2.14230E+00  1.32223E+01 -1.69505E+01 -6.23908E+00  1.59594E+00 -7.63640E+00
 THETA3        3.07508E+01 -9.25077E-02  4.83291E+01 -3.91040E+00  1.21888E-02  1.43159E+00  7.51902E+01 -3.12738E+00 -6.49039E+01 -1.11933E+01 -5.41717E+01  1.25496E+01
 THETA4       -9.77318E-01  2.04114E+00 -3.91040E+00  3.16710E+01  1.40072E+00  1.45418E+00 -3.27647E+00  5.01628E+01 -4.97645E+01 -2.50588E+01 -7.91483E+00 -1.44267E+01
 THETA5       -1.62879E+01  6.60374E-01  1.21888E-02  1.40072E+00  1.01073E+02 -1.50004E+01 -4.79051E+01  1.80212E+01  3.72007E+01 -3.16558E+01 -1.20128E+01  1.93329E+01
 THETA6        7.23890E+00 -6.49162E-01  1.43159E+00  1.45418E+00 -1.50004E+01  6.17822E+01  1.89103E+01 -2.18852E+01 -1.41028E+01  9.17448E+00  1.89880E+01  8.79297E+00
 THETA7        2.26049E+02 -2.14230E+00  7.51902E+01 -3.27647E+00 -4.79051E+01  1.89103E+01  7.58065E+02 -7.32484E+01 -4.49189E+02 -7.84115E+01 -1.77395E+02  3.66168E+01
 THETA8       -2.18506E+01  1.32223E+01 -3.12738E+00  5.01628E+01  1.80212E+01 -2.18852E+01 -7.32484E+01  4.52235E+02 -3.40234E+02 -8.55573E+01 -1.21716E+01 -4.99547E+01
 SIGMA(1,1)   -3.24065E+02 -1.69505E+01 -6.49039E+01 -4.97645E+01  3.72007E+01 -1.41028E+01 -4.49189E+02 -3.40234E+02  2.63412E+04  4.97148E+03  2.88799E+02  2.87239E+03
 OMEGA(1,1)   -2.42511E+01 -6.23908E+00 -1.11933E+01 -2.50588E+01 -3.16558E+01  9.17448E+00 -7.84115E+01 -8.55573E+01  4.97148E+03  1.32386E+04 -1.94356E+03 -7.11843E+01
 OMEGA(2,1)   -1.68060E+02  1.59594E+00 -5.41717E+01 -7.91483E+00 -1.20128E+01  1.89880E+01 -1.77395E+02 -1.21716E+01  2.88799E+02 -1.94356E+03  1.88837E+04 -2.36695E+03
 OMEGA(2,2)    4.26533E+01 -7.63640E+00  1.25496E+01 -1.44267E+01  1.93329E+01  8.79297E+00  3.66168E+01 -4.99547E+01  2.87239E+03 -7.11843E+01 -2.36695E+03  5.97194E+03
