TABLE NO.     1: First Order Conditional Estimation with Interaction: Problem=1 Subproblem=0 Superproblem1=0 Iteration1=0 Superproblem2=0 Iteration2=0
 NAME         THETA1       THETA2       THETA3       THETA4       THETA5       THETA6       THETA7       THETA8       SIGMA(1,1)   OMEGA(1,1)   OMEGA(2,1)   OMEGA(2,2)
 THETA1        1.16131E-01  1.57989E-01 -1.49109E-01 -4.37332E-02  2.80542E-02 -1.31354E-02 -6.06655E-01 -8.07045E-02  1.49274E-01 -2.43536E-02  6.98491E-02 -4.48158E-02
 THETA2        1.57989E-01  1.57879E+00 -4.40920E-02 -1.75169E-01 -1.57060E-02  1.12902E-02 -8.60074E-02 -6.14611E-01  5.00174E-02  3.31583E-02  1.63521E-02  1.00277E-01
 THETA3       -1.49109E-01 -4.40920E-02  1.60167E-01  1.32451E-01 -7.76898E-02 -1.81553E-02 -2.22662E-01 -3.43453E-02 -5.36955E-03  7.14936E-03  2.77654E-02 -3.98481E-03
 THETA4       -4.37332E-02 -1.75169E-01  1.32451E-01  2.01624E-01 -1.70361E-02 -9.85906E-02 -3.43804E-02 -2.25505E-01 -1.42073E-02  2.34274E-02  1.97722E-02  1.02243E-02
 THETA5        2.80542E-02 -1.57060E-02 -7.76898E-02 -1.70361E-02  1.03194E-01  1.71918E-01  1.18255E-01 -1.32642E-02 -9.55278E-03  2.96293E-02  9.73144E-03 -2.78069E-02
 THETA6       -1.31354E-02  1.12902E-02 -1.81553E-02 -9.85906E-02  1.71918E-01  1.31354E-01 -1.40339E-02  1.05976E-01  2.02780E-02 -1.37253E-02 -2.80366E-02 -2.50172E-02
 THETA7       -6.06655E-01 -8.60074E-02 -2.22662E-01 -3.43804E-02  1.18255E-01 -1.40339E-02  5.13705E-02  1.29949E-01 -1.84968E-02  1.90497E-02 -2.51072E-02  6.92860E-03
 THETA8       -8.07045E-02 -6.14611E-01 -3.43453E-02 -2.25505E-01 -1.32642E-02  1.05976E-01  1.29949E-01  6.75467E-02  4.51360E-02 -2.56957E-02 -1.22222E-02 -6.85819E-02
 SIGMA(1,1)    1.49274E-01  5.00174E-02 -5.36955E-03 -1.42073E-02 -9.55278E-03  2.02780E-02 -1.84968E-02  4.51360E-02  6.77227E-03 -2.82477E-01 -8.96929E-02 -2.56498E-01
 OMEGA(1,1)   -2.43536E-02  3.31583E-02  7.14936E-03  2.34274E-02  2.96293E-02 -1.37253E-02  1.90497E-02 -2.56957E-02 -2.82477E-01  9.16804E-03  1.51911E-01  1.12217E-01
 OMEGA(2,1)    6.98491E-02  1.63521E-02  2.77654E-02  1.97722E-02  9.73144E-03 -2.80366E-02 -2.51072E-02 -1.22222E-02 -8.96929E-02  1.51911E-01  7.60546E-03  2.38159E-01
 OMEGA(2,2)   -4.48158E-02  1.00277E-01 -3.98481E-03  1.02243E-02 -2.78069E-02 -2.50172E-02  6.92860E-03 -6.85819E-02 -2.56498E-01  1.12217E-01  2.38159E-01  1.38634E-02
